ion mix1   0.0 0.0 1.0 0.0     0.000000000000000    0.000000000000000    0.150000000000000    0    
ion mix2   0.0 0.0 1.0 0.0     0.500000000000000    0.000000000000000    0.150000000000000    0    
ion mix3   0.0 0.0 1.0 0.0     0.000000000000000    0.500000000000000    0.150000000000000    0    
ion mix4   0.0 0.0 1.0 0.0     0.500000000000000    0.500000000000000    0.150000000000000    0    
ion mix5   0.0 0.0 1.0 0.0     0.250000000000000    0.250000000000000    0.050000000000000    0    
ion mix6   0.0 0.0 1.0 0.0     0.250000000000000    0.750000000000000    0.050000000000000    0    
ion mix7   0.0 0.0 1.0 0.0     -0.250000000000000    0.250000000000000    0.050000000000000    0    
ion mix8   0.0 0.0 1.0 0.0     -0.250000000000000    0.750000000000000    0.050000000000000    0    
ion mix9   0.0 0.0 1.0 0.0     0.000000000000000    0.000000000000000    -0.050000000000000    0    
ion mix10  0.0 0.0 1.0 0.0     0.500000000000000    0.000000000000000    -0.050000000000000    0    
ion mix11  0.0 0.0 1.0 0.0     0.000000000000000    0.500000000000000    -0.050000000000000    0    
ion mix12  0.0 0.0 1.0 0.0     0.500000000000000    0.500000000000000    -0.050000000000000    0    
ion mix13  0.0 0.0 1.0 0.0     0.250000000000000    0.250000000000000    -0.150000000000000    0    
ion mix14  0.0 0.0 1.0 0.0     0.250000000000000    0.750000000000000    -0.150000000000000    0    
ion mix15  0.0 0.0 1.0 0.0     -0.250000000000000    0.250000000000000    -0.150000000000000    0    
ion mix16  0.0 0.0 1.0 0.0     -0.250000000000000    0.750000000000000    -0.150000000000000    0  